365150537	925507154	183819097	456047231	485896394
845720981	591651271	521957625	767868227	192373126
354978315	56491612	818034180	407118041	118996369
930591429	919241982	40389009	637575766	804890542
832869072	129453489	705767757	627165625	909678038
29889827	527554550	957620611	26144390	516519953
506756707	681426178	797349258	765478805	470519316
259082751	897975956	30235152	467688702	438906936
884999600	526478844	40405621	521953565	839017401
972868908	585828275	364595517	847179463	768378540
455131724	930428966	375416027	519437270	495723622
354379510	190412421	590117179	933494078	661196387
558541523	731429324	537336954	600822260	636311143
78830510	560979379	153081622	442298015	239056572
172122322	847603933	115924134	38589028	35104341
84239260	456571453	717533414	248159314	812353105
612205920	481787147	111296932	913936243	114945458
513319511	31619802	315542573	131275643	817068995
147553421	734376594	358762558	399807793	34036331
660105360	931016314	268302956	915410892	107657788
4872871	165370319	231725818	827262308	472014506
742616763	252270176	212294391	668555585	296477993
152070431	735324799	243847245	786629391	167622345
667744190	167232297	385835841	496835048	569462197
760073138	794912614	510612415	934786824	631930132
895471627	281031582	928706141	755352713	543537230
254922471	188924971	527599228	873604885	961043859
853241142	612012030	504110970	427153858	894728453
497189980	3882811	106973672	464903946	755907841
826290253	663611128	772153386	439527627	17627877
382547275	390280501	164437737	881483858	445411214
396078906	99501135	667653945	15772132	209562507
779919274	324462573	200747983	819909969	46801498
298004697	280561841	706989297	599453410	913361009
923469690	563429905	338566264	751882865	565039016
10270331	842681988	777459447	660213312	615074073
170540661	69035154	774929275	889083732	408264150
654895214	742038118	672532404	308382210	95154754
603720868	232928547	965108266	712370197	506293735
780528455	665806131	360744973	957951786	827700303
766766002	651804243	47026845	564914122	936521705
796543713	99350122	129086348	123745886	550603472
933598135	634004594	72511257	162317278	978438142
423145324	471216955	324031118	583965060	982037907
951927276	774657648	217341021	953843821	874924458
975271159	342296877	852543604	719229860	16735129
792147179	773280740	749683938	578928148	112853506
22731267	962344839	735511735	556327210	918004027
902349564	171346595	382055729	136797062	140320194
390371486	703335963	548831889	437611050	535004247
395183096	477086207	345502903	220727587	567734542
246597869	961451433	686933824	129278749	686496128
682309897	148021022	652617553	769127550	960929912
425525029	614417355	276632263	170361891	155848899
827272851	465535312	16529531	814088206	256903302
995366053	561765833	303581862	740400030	520108011
230941997	517553616	274393260	373679025	268407257
631011956	226004370	483503287	199249178	302730712
836496363	402643227	375975303	481119151	648465139
24898784	104611092	289932341	699351666	915755055
304228321	735932074	118875901	20064221	476875655
418072737	222256936	788484451	659232632	46333638
634752809	842528294	797757226	66644028	104003060
476982276	656964073	993171320	902408948	197699940
263970824	429453921	548784627	11301630	45311541
145586550	42243046	965778344	266647836	641940943
301514650	746858254	671931457	681101410	814876938
794112867	209206442	836403800	707242592	717786449
407157252	300002339	220253998	830487238	237843009
98530718	736202179	846270529	611347981	443217316
852601157	89237947	679142912	811957885	380715221
862457763	404020099	593759980	158429590	776220889
998800033	271285490	200186812	706952481	199899834
326647371	964296892	614394233	423941646	89080261
23954892	562517925	170089460	242214345	943813071
366516950	350022262	413027867	675966162	354738359
673051054	403305474	792391274	328314043	441563747
654834126	599786239	865872095	856934231	535408619
279844319	975970500	532051740	396946862	745894793
431494044	298131117	592307267	98603067	816903760
911297002	908943579	563478773	793568739	236511979
612635842	200840793	617240515	581348688	347563765
492092755	570628096	396744074	934096309	155155461
666032238	212487098	149277791	66735925	199376184
169347104	526016355	519664601	586361458	111009470
657938228	93405998	553380242	624033085	541580787
734566284	187613948	230055809	657342146	936013649
620700164	661251059	490671826	369541006	630175643
889397809	756491400	518956978	125685077	342449941
570948622	403448712	964316238	872043358	667602829
218304751	980280435	873122235	473820287	529825306
908292954	717876009	531630327	640381817	221786346
32752474	84537627	951625652	912168330	786974216
25113212	160492986	384449656	98411969	980428278
949941784	709076065	320470203	876784673	146983341
780930215	296543804	330663267	915459515	117221160
673766548	832568608	507163066	127375379	501979208
49670009	604795156	550920535	617405507	861780433
528578611	863737949	784022615	265910703	447093573
870634824	968062710	753249156	873361084	59469588
665486991	455375564	690094466	561640331	440416973
689127257	63103735	445651794	964985528	225527657
267369774	239811527	27884789	491933597	62794741
185550376	308296735	345293464	585508245	205066668
889694527	360003382	393306091	640277802	416545430
179969606	2879876	888961186	429130553	732873845
439028671	853436070	715301615	215208027	398888068
488848355	158388778	617557897	61049159	732779853
396044580	368206438	896087996	707151605	169697575
735350973	735463172	221582402	700839232	263304115
667174544	523589103	523992097	929336293	302673488
534868994	386483248	532839433	368656196	459639344
393061502	14898424	305527887	127239970	808111814
49049348	553304670	720323974	393696737	551365156
966586594	232359553	674791062	156194837	533241152
441652892	380047128	783731217	256535282	863676046
61025632	733159371	25882660	468596886	405865523
973036063	978290726	71679664	397260240	452210344
637485119	424023730	87687405	622067030	137104660
632732690	46987610	820291987	758326846	63539576
157723509	417226210	196141095	230069469	138310705
290124473	570837097	568940140	769765750	761604246
39943517	653265412	735940123	207567563	141548527
640112907	315998394	954720341	403206810	538832965
762660591	861075594	356525561	601990304	992110371
874979447	863586930	654028428	180744548	182915629
596237582	802823429	143045528	123312638	342330462
307782930	655658096	109426312	165046950	275768873
924685064	652365925	202552185	714340116	731062466
971598988	135458768	158897638	368478464	907966463
573554279	444082770	945960933	729313697	225596204
39432059	249804046	38025779	581569850	710465274
427616041	431072833	626380283	607300917	833663131
935406503	342430166	355068997	123961963	542300937
773319240	139977088	31369484	824874211	17091284
63584408	498623864	591408890	554372034	679797169
22695241	920857688	589185431	578981445	25805966
300889975	928030387	783069613	921451649	806347986
774325756	101724433	342891252	363378666	462251159
63788681	376245073	34239271	901874282	852355092
951078143	11541046	680643583	947589995	352714474
761573270	612742053	997205268	421199161	242910197
504100221	356154754	392087527	533497050	322711028
999248203	986690703	285863555	864217363	816861297
942900593	443114769	235348981	332078720	751989701
741057481	128601666	767561824	66444624	202460256
844419476	244271242	750527543	431770020	701426825
673193892	931582718	345696133	110780383	719285458
659875904	699010689	99701296	470406333	263973009
553529188	774747596	969522797	643078293	687648177
294011244	65429338	318595904	73921564	275940659
958993550	873409004	977055862	217672580	522593003
291432785	559067802	334517222	489890228	646510849
608160844	317617366	141219551	666179243	92961120
513329455	655776870	967556797	59445310	780071647
468329997	748788910	410669295	785310671	272451449
488413320	592717458	297034061	886430318	344069924
550787860	200631024	632752439	739538461	523288847
130585521	917011070	273684220	839536434	53308205
577619894	740073663	254244783	488072331	525424116
220484092	6595124	967400422	697801587	771123439
474302626	660368297	592767197	341071761	356191578
306422201	326215371	642031784	860837905	830147939
649477035	952524644	545413747	865517806	850764320
817290810	264373954	888878190	500521095	52650265
947304107	181493019	327954614	510919278	39056315
335199857	919037275	224327647	942271348	290032462
174878167	739494971	408122623	750906549	559360664
274320763	759772785	241300426	100792906	409010824
331182113	396000844	691464912	927099510	457518475
592576335	793351346	419055744	907259085	781663079
822729104	712815591	880134623	209072901	921711633
693538798	902699336	308242850	214736464	926182408
173255423	206011836	347749855	109834017	897102110
976730740	384500233	863405270	108172674	245002818
353240814	203810652	354281843	61718878	375811051
804509812	494610530	160310793	267617493	964806983
153898411	660562416	169183365	248695502	21019559
282472444	181819739	643982960	388315196	683998920
253936649	752380854	402290058	390333242	728149651
964287152	697789168	732735985	289911125	614993192
282181372	119576064	625755823	673881801	709447582
94055564	301429670	807248805	121759203	598135617
450407924	517275704	705111967	188672109	44220588
276291790	255484569	492761011	127523744	836495951
235842391	196741967	38615859	950638337	992600613
426395033	209966083	384496550	706876632	334286706
824713636	687550393	972521198	24262118	583644576
14631176	430247525	277768266	484046001	399353961
850999073	220943832	202347591	155929952	140525571
341280546	813515742	240604252	945022478	992342487
482902733	521314955	232700621	880382709	113252453
123315440	374784894	722921103	403809326	613063961
34606198	537558754	129244897	886603781	614377077
943660510	261634856	385119811	176450705	508350374
591358498	921565521	58045336	33788997	191140804
55177683	961533859	422443609	107973768	859767299
265704766	893899230	705559712	718274676	706087921
677661772	184455333	105699611	518913674	799330654
858399629	581165725	806193223	205172659	790241042
71168867	717990422	846996654	365904154	131547984
472546392	22206938	872390694	680243442	865491694
440518035	951722171	649166699	921053168	759847968
594275827	699537078	635370063	327197223	491733202
802194563	786784533	768340244	578611187	90762337
541482340	237954603	626389254	553263731	207628161
527671731	397697161	353515811	722319026	526160868
90791667	66357392	128871911	534345410	729444776
871512367	870395820	124381589	765012520	831980238
933162077	269051563	583034177	347881549	611880086
235159178	692509412	86546949	379324086	934549763
527588698	389742170	974557364	738824915	368317233
978595605	666672332	766984277	168752460	804546234
209649363	626423695	375340011	763298331	956720408
802122071	462173242	953166239	266327153	626092158
277720668	484289686	101347856	550196357	990158948
214194783	28221450	428782146	326918746	451256737
789235954	703988893	426122281	294687901	131004591
377613069	390075059	948517269	662903134	733418068
273571269	956416305	355723585	777747626	874725094
260458992	998647980	342315687	347790585	12281709
523998197	561676999	860173032	807555117	233671226
938344771	948582032	762059466	65104024	694894088
691240801	918029950	779868731	127367836	711063798
878590862	755626455	358533431	888497782	125163843
212463573	931052631	143849983	72451486	586128518
362452653	12517340	102893961	852262670	656395944
972225021	531616060	115989294	389689458	372110083
255577431	593705768	911833305	82232727	398910977
523278402	322419831	699235583	79051398	809601893
113605847	223925392	299932292	957997668	582377650
65460815	593874589	558268845	175956620	520758099
547145751	730929462	107098042	318583671	207114997
173465170	135080814	233662071	440720076	11008799
906081417	609159743	599017610	632025578	434697565
84828754	796612608	460827501	222931238	193376873
979101921	551140433	966577195	274048763	66376529
573977382	106756866	897895907	479794002	907332129
693943693	815974347	382043070	547863632	453358722
887328612	979791392	594535460	695737595	269268078
659203241	846822212	694490223	803549971	950814054
101854607	716363476	591368503	149511057	323050922
848470852	512306479	721891874	702393456	937364422
694198444	51532438	254530930	558404303	665553791
156147698	305394868	953378431	606129092	652147616
293068840	384376212	51711518	477289633	209363257
175102833	243371160	8624459	424989758	695583950
619862131	854298064	604451144	843808982	318107682
449939276	447144844	269371293	818821207	623810287
428559690	63410682	173376232	954787029	994586693
587073398	589157893	778935215	47222485	734447918
677041383	127346121	719250469	350133192	461242471
786014222	726631036	775713296	654982970	234907452
882669908	406330298	342942055	526558435	118184847
390738580	886157050	10301049	619149785	493763611
321465328	108939520	761243013	586250773	897869428
86716117	586610850	319630207	205333390	890944194
394626836	83099211	697738436	735491226	871161062
151983339	465437110	868437199	83661562	643148059
520192606	820557800	96015643	661220033	149731824
552665881	600497054	968717434	22163949	555283256
439649319	774829312	57592398	990133296	379463693
539079597	439991860	961345618	718079484	553845128
545221231	242945103	599943703	791339107	481877298
64244908	841970966	110443670	922035172	957019151
153870458	138413385	206395911	580539405	461236281
533682658	126008492	525781593	107242512	37847433
480922208	778625076	939044699	695033144	155757976
65560662	608645059	196162078	226729347	585820230
405128877	888724776	345044582	206541778	302881088
931846090	353146940	906267688	452966421	155988988
341944559	232189822	356238839	284887095	814740096
381298097	163392237	389122997	792323398	154095760
239267127	184972947	866490181	116566472	255876051
258438244	409880114	779324585	451241380	231434025
760081010	339937532	681355144	954914497	439952067
120916587	661300749	630389738	348107288	428186830
835391394	338741640	916938205	521247206	767231362
847172919	691411417	101233427	868235847	971762824
864065192	61126091	403480642	324366753	961626061
279191914	857908937	891340300	498548244	391880036
659078886	548517373	113255315	788546586	516857631
519895743	980697771	507506767	893892048	957366683
704328199	278619093	62343191	767448729	364749493
585236956	188489967	277884927	237676983	40444073
330970312	109559802	709126616	372458153	52577667
489690932	166227446	453250055	238662737	72205102
86740554	284629729	790254272	184458509	318457045
37350667	591338915	983104652	903529110	71759193
380892496	536544817	840081304	372497549	188592812
154588664	74928959	139186054	267430359	725448679
510934994	654065157	949374441	975751253	701031597
855136407	589629064	402217105	405704768	636416647
897619602	294622663	792676349	353027077	623874381
607891667	626721265	102769363	143814899	385675482
882357191	680504056	892955595	463453214	925058778
266423863	895722922	22395618	492164228	302186065
887988055	945952664	856620927	165120099	859651746
372029769	623372087	654292904	313618899	751052857
612795745	183769961	381782641	32686307	290569200
230944088	538336782	680256912	410167328	71285926
537725467	864229304	319652770	638739832	195015488
87322470	663540557	277422052	865247457	535479192
54489282	640713312	882365820	623288274	499136426
209083196	259392589	998214332	929881268	812256422
649824434	103957799	179979276	653117618	782963188
404970840	804473913	131083116	619822083	368096870
979778969	872701569	74896439	746186036	840579863
382171874	433863612	726893071	221168703	979241315
46170746	546995756	589750633	591775166	83565003
848902546	520160666	129219702	153769038	377840151
105654602	220996156	836987508	995301693	914817826
848549218	401869315	88973700	644266334	698135476
264461025	234176902	928469993	920492375	952084479
250966428	608364885	910990480	705475298	194142626
998859155	656500486	478072420	449369750	368162611
636719395	497253832	611083357	298191806	874402766
50056748	708139281	854662867	824720178	675002978
142695843	616445559	23745940	231404151	689015084
784996462	377149319	388217210	955042867	298520072
756486245	181815088	776799471	837394325	233533184
264909268	567586425	866353600	463928275	644791165
513785251	520437894	414887997	264878882	301577198
14053739	146720340	422893539	700807680	137407930
139718178	499835857	812679023	478870273	64108229
397001869	557623276	414434534	866640331	803321857
491808649	412956028	139485842	581101905	449736824
362525962	275522427	689893548	544641687	112411997
948773081	775859689	635722416	782913929	163523537
332625561	514379861	445926637	348499049	591201744
372524517	236843713	478633703	355414638	147249972
786864374	314029438	70797546	773878442	981379760
477256619	992099275	731973337	752295735	53155881
750368296	436207178	488495681	972747799	321536190
109386421	340894012	612459944	573920882	87948403
984425648	607048054	167637305	220115937	444555195
240042472	307715467	915002184	394968115	766380717
504990717	202637272	529033080	563485379	583299558
542408783	204564686	107397155	728220146	958030825
447293780	692072597	941352615	590400324	653168563
680573679	533922478	454333970	671500934	765980029
27804403	854016146	858649374	815655175	889307114
995399461	297176189	661976620	253058567	400798121
534810226	258216147	697812526	389872547	719531830
465555831	582502528	91656002	606958684	526746237
284869776	253142534	855849038	460906251	160046219
231802875	107406615	372480854	706692728	158036948
761548974	582446487	164172938	212621653	97003767
224403047	723110272	900594685	540716511	588006010
203932837	595608442	686171676	634526612	24433445
165452841	44607802	123519180	617357367	224238562
341696050	705750407	96869429	881804951	983028581
335080673	444765084	85195378	871505978	133009297
434268048	827903425	324019466	886386750	531644087
39455357	52385115	708280087	790539479	814243685
974585286	546703533	524742996	517857006	488664476
554267241	723263818	774910576	171423322	345354920
899696303	418685273	289968287	215579732	110819433
860126441	223290360	528449469	458029871	462553450
100736021	601148964	192387098	327897803	559169314
675509851	910667866	159528659	434326302	944925679
446103052	474119947	304383300	744733513	511733221
863241683	678727940	86654837	364875643	424429573
586954413	433490673	8660674	449346212	6321805
76485799	125086952	630194370	846909217	774932968
95271078	838267713	314575991	305029963	273907255
637560686	35743785	319521557	123991879	1361633
445287328	309340862	166988852	287942652	9654242
613198564	561722245	633949051	698369818	212871476
208611803	418269733	946090961	369001841	319971315
438321905	567151546	126228267	436877402	77354519
560844382	495428958	442041696	588628847	187152870
986816470	584041985	654084116	645043275	503447760
329910039	456358555	350566525	201190751	114184746
553738232	214109958	255667735	466800521	815224088
277647414	191399334	42271966	165038198	916422536
640918372	405097938	843607867	2106242	419231492
938428880	304388601	153727575	424426403	546258970
154052983	136800417	688311280	59108216	125286109
228574964	749000879	559977041	877224293	989944630
566794746	211613631	111854283	359499011	916375460
388003747	431840972	495300538	690448491	500864378
689194951	680104453	491212789	627101523	575368072
318153292	467809357	820670733	793353105	357893715
826871578	725162982	851033829	803873989	14627338
830195056	574041954	771355125	819622999	536728777
494788340	275308283	207191230	503104656	92168943
275115357	561689570	936571167	143569343	986075417
233470568	127224656	843834809	769017143	723910589
168296805	605016319	923752221	394206158	867321235
610895884	832635262	455723135	531491401	67688735
974235820	648454128	556058794	143822964	799599720
593524304	282788162	569831932	89802204	261918034
234145894	519396134	905155992	734939313	218214057
245555914	756012143	349441917	336681849	185206929
634855865	977230914	414762484	884401936	560235239
632983728	224595435	272436306	89040232	400427447
685090274	766307413	673966734	737793743	963918729
820142009	809892501	915813305	973003993	825887926
73630746	385307951	952352330	707534638	110994502
909487461	129114457	571598769	417366914	581825093
548665368	850493797	290138833	716523872	64588987
927994951	534353021	558069624	339952138	725027234
925196260	313669252	342240277	754836015	520143366
97159532	618904216	365288725	687816627	722813965
99706992	939915479	994794093	770964820	754296825
548735734	771759749	858941926	91627907	108408920
42460671	890253370	629609708	391375328	415209372
350675934	167248187	866506136	526015559	59448523
773273837	588326470	616489315	516707777	710826067
676653803	617080193	305730958	149255057	628566876
780482555	883099131	675443109	346105264	994625005
88088088	153131314	606236955	330284024	839412845
608056797	286690753	741244156	196883313	294037170
406582748	814335944	797933164	955196863	333253213
282622200	262069841	407116340	841253761	124663179
179145727	943139971	883597981	153104544	507925345
687490769	920957440	987069874	266756321	440840902
515482352	743495048	914861163	228287635	333144050
68054259	359453084	437160737	84115473	281403227
21264926	959996264	962328066	167104858	461811304
887013352	355686748	116514399	826573475	782844200
307413453	638051535	599871634	433834607	12171945
905393658	978384119	968372675	117067143	54035370
865830152	744195462	613158107	360716383	637591680
137177523	461751839	517344226	621390480	486852840
884532226	582174528	785852271	945789519	206034533
824166224	98885505	289368744	757473826	375924127
263292775	521354027	128517238	782754674	117689025
891156187	334110810	201988022	578574133	284412492
882930123	442253459	91950684	640041045	959003305
305539939	381193100	314829483	209721507	610090074
176155522	808387363	67543241	174608739	143711705
421685550	271816253	937914808	369733208	386626441
620503019	910599343	560092123	446404002	33176209
793886764	395932467	133740317	519367172	775824195
612314757	222194835	120100544	550431179	468618868
796821067	731982640	800375187	354671591	357537102
20157653	835420109	783592672	331159546	813089118
67548393	866907572	421483057	829227851	551964107
643620232	879688519	716695195	801285958	779704825
27721000	840434642	701854345	232313576	324812437
816753808	501145014	215008145	264264540	470726731
826350277	45994040	80283852	165005922	345861781
604394899	404457007	21813165	229901816	577133208
827103045	633576443	979657998	328647915	599070643
445356307	74202963	289508951	94719865	831358875
67477219	270780325	576190916	850659551	131443429
173397765	613088253	330017279	872417383	426348989
974508055	397221467	944585129	407074619	191569113
297798589	353453309	309067219	166884549	952007979
407748807	526433116	263199301	691439781	399202049
684832583	276034492	240862657	841527840	702090393
838771854	570297869	893527521	654679501	488315610
76066425	899744271	115922784	522457665	607855382
457774185	990899460	369376866	299613908	459030691
973673808	273382518	759205942	89893989	283714687
445136033	985387759	853879138	433512309	395793192
690472382	247052350	397050032	730723251	303528350
804349078	424303330	601987049	392315392	816800411
966617868	720461936	388605256	94874042	320115252
710028183	522728703	424064813	494281216	697464537
540619167	425866668	621079321	973652685	413092248
771465239	114053082	445669094	654053262	68838621
877304697	586639022	374649645	612372265	236083814
542280300	894771643	667651374	517691444	147808124
380580538	728368201	79791008	224772127	856681488
22836290	548901605	200042536	96655390	373209286
69448390	420939276	641430234	863555652	44377987
818907139	881459247	399245235	981376794	472948369
770570820	860215876	727014902	247561377	79716619
67787156	349404053	299587307	187954751	415386656
776815678	205387521	18329459	538443259	798988112
355276265	310154832	263329501	214940155	662110678
151906701	21940691	63385035	756714284	782340960
477045570	995509001	491962240	314567277	155336767
152904934	278131585	521318716	226620520	204409087
673024144	354350187	552411452	658169857	19352763
149283833	306241590	494613757	486061223	616748823
813653543	410224038	42044964	728085554	816272846
515444132	468342977	539686668	193135494	667462960
908489058	927141147	852131576	613459671	457392854
540119178	476670374	245275751	652685923	762802257
82542135	120655984	23164371	836158316	194020762
939377289	282621808	168097879	812755041	287884967
127244931	609594671	669700271	234116434	376591382
912123264	470077410	766627505	892352538	395728032
454032850	283274102	334229618	954192308	93694037
996386183	582227483	761321555	788964040	857475502
947362817	198704461	534449516	71228463	928211787
90785658	759213290	444561898	664283154	999383634
170004949	123317703	653680697	998768253	720411126
81593926	779641521	48888302	770225707	175008543
923154107	770624405	508605194	675356478	646193009
298041868	441010464	388832230	422610990	922294294
636598361	865362674	181392038	837874302	513132022
984181286	397752344	608607155	699113838	121272142
138303418	801171527	140841534	526035721	363438219
232698435	517463482	502748941	117571914	132101333
792889551	4845908	112205128	704222451	101802325
257422698	4652577	380040400	434664862	164467255
377153876	912812588	906961012	40463105	194599838
686062302	441814813	521596030	505256706	289076779
738331089	26896405	253463555	388146905	312660434
623998173	866273859	638826405	564050186	494699104
988731379	215400826	450635565	732249203	524513788
44206158	424190015	435539441	748492756	821119369
459140029	279143893	902998100	833141612	270315633
189299594	113460818	945992754	36770373	159515795
710446473	915187587	812764438	64967474	772785446
263756633	807235567	969743961	251421552	229085787
625301034	615986056	387821199	666550021	818486687
983661091	172399297	594964404	852842625	899561372
848049436	565242098	242187585	611421492	455957688
355252148	808465810	408619324	332310428	644430224
2249162	565956754	659741502	809253227	9809397
775346496	829272668	243075921	615588969	543648699
211748418	139186619	573382131	152145576	352915072
644664643	941321145	355900062	847905246	119561913
955045878	660907229	763225563	546606739	85248076
374109359	859420958	794991576	200690306	429234725
468020823	84326057	741248461	70087232	442987193
939342337	428630107	256008812	361305053	803994662
596280765	796068976	796924826	493472547	404272913
188526188	244242713	686723242	472483873	438857510
868647399	767825634	248901801	294827888	678982726
52538632	103112792	397081523	149261385	878105252
59443948	150554528	176515101	167940314	874235293
569236393	738734410	86835525	856947797	807762012
336920352	5798552	216525543	510782005	309234352
771839224	700646457	861497582	814993564	58938522
728280323	761590015	121484051	769926372	780225824
12517773	620076136	751410282	313657288	649191238
714137738	820340032	314162775	976100540	425168504
38279895	628963985	939359522	152557937	156660947
678856597	102226164	633422648	386850992	745507350
264287120	782952393	787975519	278090339	560773287
267071084	508044927	120139389	167803409	271972223
305873858	335511395	203079460	4524920	75642327
860558028	50456838	499495685	526488119	121240120
793721903	582795947	338387268	10652386	326510238
883695860	228413594	312109391	779314985	884220983
251251990	635007213	470762089	108088404	557131802
211709790	205589275	569544789	427125111	470718988
386067159	614779763	84398711	301932883	443476135
258213931	806552336	158911479	406775195	832484894
402928081	918768080	859573516	17111247	599651758
149405779	25351658	813190389	973120785	125599475
880703659	426557284	461861755	916752542	87335910
284362737	637941032	168374095	671637738	91221462
832026406	277210286	730349378	247298264	867087219
793617635	583369147	115684609	141898316	877688852
790104452	699263912	913503764	583212785	96758083
643578444	672487148	317678231	883032521	346326329
508732998	820643709	869211362	349732344	602616531
612965586	245224571	245494362	860430538	391208856
422325820	505478676	31231566	611864178	776420807
562240521	425689504	916238936	639389344	342158008
394279472	352836466	251644774	859272378	35736462
179265002	923234603	878290612	453334984	481543959
819948684	812526823	211311400	419195780	890642083
337587296	482374976	250406677	322253171	187131146
472102608	65125144	995156713	480639595	732099558
659626027	643942051	994862383	757809567	185532829
376571973	127332379	791600509	946741015	886459287
889409855	485095002	602791839	881212827	163906000
737887039	650859889	493040477	539498447	608565571
82386367	240525942	37349176	663616870	925695492
665347209	903870875	251005488	828251940	984106126
788940200	810708642	475821691	20948544	443714967
878788489	987064334	416276684	103930439	862871320
73195003	369445248	561544347	628472393	843002479
175775368	155659669	845891521	129854917	111807120
642277358	545381674	469869271	78776640	129595023
533544157	697742794	297535338	991709432	266482184
508976262	628036437	449934776	618992518	538490052
872638298	742111645	158683725	578621630	310444472
933071317	718239458	439166386	324879686	474644217
238302821	420687439	156784907	526670060	440734222
220882364	504063982	424061733	92218740	485425145
388281785	102427982	752113082	501006349	119283632
124963724	319575500	155388174	990780677	842291748
440158553	97697461	728807212	46737517	644135029
104196570	68482487	3478194	545917161	872647131
167930033	141774115	453537580	153511428	909247100
325596144	148940610	137106248	941716775	417606846
557339546	168420995	396633572	803234099	939245888
793956641	951923303	246866873	960034625	755700089
520385492	177800638	753028311	937806348	283422904
329423663	25485052	952058707	902059767	803242397
550328722	850991092	427375415	385089353	422467531
648885112	617804370	375503871	288356658	583231754
361818651	258874727	447363328	281032524	323266775
596536468	97094721	79683616	520910385	801959770
155298940	198551988	135052631	88419842	699682014
646888545	980540143	723891876	732443120	207766976
953302162	527949221	597950815	954922549	267606634
495334079	660561273	142952842	78252914	417217540
242704521	759220113	395175353	83372454	977513265
198701483	87583462	201826967	39647692	770964807
331801952	581522682	3817252	34399510	307917197
917842152	22502548	579886916	555249338	413274647
548355674	346921140	404553133	336238893	859521849
800879645	731736601	576831320	501854209	335534712
820557825	758641874	966557672	448881963	217630597
382928346	477618183	998324084	467509008	331930511
906304478	961484260	180276561	336436963	199056628
965706411	912923469	956057538	534742301	301298757
715450686	348988274	405108861	422642856	389803959
300948369	676592185	239266111	168511928	858675524
978420969	63960329	754402228	312743925	561044558
340395915	404906082	307164670	965616362	466472439
494473927	480903427	183560035	487780666	519628158
587314867	531347287	895515507	63441155	359446419
983801660	687311129	398536184	298124892	938235648
939681023	797834382	112805487	648246418	970727856
758719590	326001127	731665921	97265584	186909808
768159188	441799431	749064136	809218695	29805660
683464137	944955518	422084551	980938260	160022815
786473207	532599153	926509033	621670298	551637384
289961616	648716098	920745984	945022845	430904978
730631650	361519766	168636605	910484827	12696797
189705205	335134608	383634148	900885756	389282264
213979170	273642334	878048678	689839984	817230458
959694061	610321870	232148459	713512929	124795914
95397760	588825805	451975505	928582090	65050226
324681834	999531322	589973466	818746018	557518023
957269261	197272545	559983837	937051022	855249318
568705029	851964492	538823869	837622178	776016828
853064255	644167207	477825784	448873566	784260558
394483561	495838493	94162102	404063249	888251340
449786930	459317929	454626761	563263831	263113007
633906732	347102825	615011269	82730672	914991689
588749366	607116020	954383378	12635032	33910136
247172141	327166743	790531110	12705271	196105544
583227360	321071844	461764101	685955610	231808958
214675030	218125245	286568360	336475955	260251947
961249573	525429103	699595062	599863619	603604336
946981872	801613564	1962658	227902705	971147158
829327701	474390367	468498013	490998247	144880744
972044759	889336918	715402618	697354276	745396423
310231089	847372816	664338530	727608519	900954726
566302557	682338817	25842805	951450272	457464144
820527067	385872954	692409780	759340040	687885738
904449218	654048071	179236828	426634468	339277251
238253399	222189238	623448340	537861504	799487101
836879146	277919859	352208858	975482893	397157302
179142222	573630679	323399864	542997114	24402072
404684024	448944388	233237374	143914676	468492161
753124559	131573935	923602379	222512713	817167309
5827675	60291214	766536913	271519756	83376057
692574863	913529033	19576388	483564768	680959391
206170855	2050873	417436475	752776766	227649416
971131394	35042721	921835369	59396502	488016240
434814174	293414953	688162317	437440634	781906942
204674347	738844347	149432424	217067677	429223235
724248408	611445958	576058132	140561078	14713764
616798844	444098870	811000715	681598718	633206134
602135529	830635527	330182407	83225089	924009105
791217277	876713036	324456483	242863340	248661218
768214536	855783600	725013283	761990274	546101055
571782148	877268583	497012555	658026978	367408699
688656592	190351477	153653810	542827218	335390718
350267543	292584105	754352132	391002983	613752711
630825909	488894010	65360669	134398568	582927698
605111090	575533782	470497972	3821317	47810494
518728646	996993998	856586959	122472187	270973781
410586761	262647156	139691756	844028984	767056551
920143502	104655507	582465088	323140022	861983984
920310142	41652964	17044830	454141347	293597757
870815762	433784892	387635186	301269345	277312878
892942090	191437236	736701955	529624165	526614179
643159952	518129544	731405689	408082055	123210578
850763221	604495396	698649561	988314019	108548942
596674713	114165571	146237588	364667837	675720211
19396821	947842858	824961221	129322593	843521475
78368760	383030387	904212508	208744363	455160646
200863345	277730728	865420544	632864406	909290314
628004284	273081107	12401490	526654666	949198896
481044726	912667476	934963917	775905444	800924149
925460515	142164344	155547345	97366939	401422896
571291501	180158268	65513560	610842995	876119152
117816850	829409297	863239685	594749681	201480170
6546850	352518177	21245409	793153417	652010870
545719751	131771493	611144216	213851553	547789241
714001162	495212249	36707059	307063450	208166203
595936328	185067890	520306432	134786695	365660219
848113163	524816108	273832706	921698899	642088013
394580853	131910070	83755058	384544639	626146473
926911149	86329994	959225426	938699128	753262374
731439159	402059512	780171220	314561055	975131475
561593039	812769891	908254764	744054397	359773401
287334463	835487418	36588516	349679577	398375501
854060829	9169677	457590286	39299814	538468696
974385090	276187216	432423568	321496723	602232264
796074253	99014244	565796630	692009543	993424269
353353781	706718595	267069843	397128346	189034508
442675489	123891939	864129999	121358456	621099419
801130245	647611352	620226938	557208337	797150568
974171561	6637593	695690146	933235471	692274191
453540996	996487986	650793105	747911964	844926693
606047576	502035378	279881033	395750423	52957708
692481385	486607472	686936015	572812704	769342627
83473647	471885018	550750394	366130982	279182402
525643553	241494414	652323857	711214013	481191787
362695785	310005888	392294041	966852987	3104425
840980396	497927536	661727926	910271009	566968901
336703051	279793760	197550618	216685316	953191125
802420489	442591215	447486246	104975831	707523429
142217599	83733430	304866191	999137720	493828662
878512100	616277824	185162153	730691943	634619832
109591686	222710650	649752720	603578681	755315540
243587758	149181667	743932629	232181233	132218130
849178547	282340022	927203768	695005350	895648281
130872361	892962681	248193736	597190243	342068552
940178477	749297112	437619234	455479540	529414721
482897911	25951013	282396816	400016252	248708734
101572543	197469388	765567948	908354970	903095617
908474380	394825354	761250074	15879819	79958791
90323600	594734432	412882770	768069176	905689494
370266047	336654589	196041415	703533494	318259469
749765422	559029892	333325561	665621144	472888010
752082667	464457798	367527091	310275711	678254529
556374313	50665325	237126758	371322275	892900229
364773698	648922986	271124081	317714227	157463722
342299005	242876800	670279349	235117516	158549535
990143200	423128119	613112793	289798131	939156784
547812571	373048963	924698408	302018987	996026303
317619102	508237895	810695492	637438331	959380229
165187150	538416724	261133200	917796908	806058000
288876837	494593513	453975143	307018588	428249132
48915841	664167972	443751685	388139420	30982030
482847472	618490186	324098826	118948991	335615689
665726332	137969145	308861473	719694667	690402890
805151901	29414609	544302424	848218368	582952328
552254771	1489438	239333482	615801766	882029192
735328141	596166659	499981647	791534277	145799547
699323364	18229786	999456198	365843123	38972939
739824267	525371382	199919070	682790886	364015857
349663531	737556267	644057974	687874854	251549343
882788316	257460027	436385359	527779687	542618217
88414989	180784072	413224341	634681278	605067626
292344480	484159497	798030648	690093198	277605367
2873453	396076475	129502560	590198227	413558086
916944564	657139319	94448428	883245792	818885954
753023497	492187329	764352461	994069713	316282326
193346450	185570129	429540423	608662394	962821379
158806650	264988645	579596372	133733108	210179526
911883491	352361455	260468177	665167874	653552253
12686909	431194585	677311927	669694181	67742669
976515602	285618651	121549165	635136143	804400211
487939081	782865151	231360390	419681296	863251255
267394970	600097846	739183569	406124057	396268715
260265069	739928214	771248982	804472769	119593742
752308891	851283362	380407932	900977450	668913693
713971905	515565848	34544184	374193500	109951042
230309600	963448622	104277516	480181152	441510679
347816505	728380595	810757012	184442532	189596839
562745540	845961070	322116046	649861555	598075036
117197603	690670389	678156278	582490661	602684254
602111781	505740174	383856437	408579993	595358425
64140094	458593945	726605905	673262743	575734668
494425200	539069418	576637865	187286557	793424600
720201237	184858708	529673696	846755533	558214483
794238242	759356083	763646490	539321779	784501881
214982212	709071404	73849004	15915789	533666665
277541298	203729750	805887860	787366096	741373082
132613820	664013407	177302434	435282316	753365245
860505239	36020535	691189674	484703705	167460151
905011073	971361753	569323131	313944634	655700720
477907840	758081697	158925841	516624438	263138421
389365705	623338785	560015992	569776260	107727470
746891641	658507636	337598774	476537553	338062510
798849112	615316771	701853603	134252060	867955337
708887085	636472523	696788511	834993363	176933449
531125907	226300221	360559626	864420087	975848833
458757990	872461577	742231301	211317670	303046297
979738232	94424053	974904300	228633996	397003318
207304371	498125899	354213039	147244115	552630617
108669792	543629757	926631197	340845440	231644083
630951159	117407473	297719750	240015684	464985123
327023807	257379362	697844303	462324820	570749651
366398337	229787778	930814998	188481034	719837081
576352359	841678893	540253785	631167715	325089223
842335054	804983725	621581877	728417757	385502681
173833326	704324565	534549793	488964758	884625498
624979023	513675113	131489294	211630886	251319582
113569079	146127280	303525309	584052388	323787395
385971863	545794253	456968731	68377717	469140140
706483159	220727198	620276610	884938492	692337899
214631947	229522794	738591468	767294489	736588475
421103586	812194879	322975254	585757778	689373052
664143641	741108153	879499869	804403327	558966923
715559906	776765136	587205077	726470208	737676471
272613456	759938119	137445312	351352434	526535826
423039848	205974180	543599402	412060593	898032375
257402882	941884533	974194171	855093929	317414013
351931036	753550074	118409084	681239960	271501987
375952518	398778780	702216304	685749970	156663071
844955774	824036572	833903847	134115734	413286510
118747845	513879901	649526458	241822743	919796579
141706792	416529258	590939179	537507474	417088542
565601667	92007608	43830931	225134730	908720141
377402397	871467222	960723088	239484374	385190648
560798911	538401225	87290883	83509714	334681525
165111654	266264804	296210182	206793262	420461181
628708871	670881101	828676180	106314289	567154509
380844337	196244429	472506849	484275341	332774797
650066316	210321771	832474813	983880382	187672210
826047669	659982362	400482056	998872889	263301510
806296683	768330994	843142707	354123398	149963028
978371464	753992529	430211159	328006275	612663048
986149036	752304655	102081033	208541913	552017285
37844761	964813212	485677743	830717009	194467543
243893187	247509567	865701491	583739385	45237183
104156638	280021261	730406728	720405469	942261285
736712412	191298031	9789000	355737970	837838033
565638813	300132079	594354939	912960388	721309883
829745171	299249626	969066662	173783841	959153060
741593054	374608170	344765729	518731792	833657835
479687716	885103846	874072366	125763534	516968772
506088873	725629918	321366209	630252252	988364514
676735726	662961837	607784093	370746682	357474653
225801597	23827551	753424612	392707169	200392115
267103426	290012059	214841156	405910085	499618106
305267286	962861648	60261814	620656099	922056715
756144822	578922414	172031453	949053648	251808361
591540139	975396092	960391712	396725028	42424867
574868715	39380946	555329237	314465698	867732509
989692304	522618616	575818391	452148927	137437404
51241031	640387353	389721477	376871239	194167661
784635178	377813565	516642358	873609447	569195208
853173670	636804345	311590028	393057493	378459238
824239731	15940463	403284282	131678719	300671431
419300236	80020934	334504712	477178897	425485721
981356907	974689532	239248181	411574533	472877793
193856182	504754241	681632226	202052873	109210291
204515165	846361372	897200383	463101135	728379073
330754320	858636006	884660524	234015803	748324831
564916024	783652706	382322215	344413102	462466454
507708311	826755199	551472651	334856634	589722170
752176589	680590987	194407905	303102287	625497367
546407388	302712733	84095669	351038292	115573843
365290556	305452363	484384196	652872736	214482788
782756811	879286576	59939314	550470275	277826872
747034314	189696355	137077130	849884982	286359992
920757079	998695721	139016500	959998222	749711116
453294634	482403840	387595710	853944972	785323943
22468418	676687266	245661297	418409483	551313465
135526370	598663984	966881259	30893477	145170952
821307139	673249828	559536134	676316714	200933052
973741040	350686412	994334859	144695415	654242646
827863125	314066991	16093467	385014549	450179142
767887940	730741464	557048883	605882515	131444377
878205625	681881100	122979144	612762260	434935402
459724213	464988512	657492720	382258118	353925972
813481971	891301394	29824272	617432292	505765883
292662720	482255431	744890848	544516354	308937406
711612530	723914043	147645425	40200672	54302851
777408476	475458318	748168939	530951643	389791637
453010608	819878528	292081261	562647447	390979888
945808829	106954179	700192484	523848537	321888136
239904676	422996839	296965343	523841642	174624684
961753150	657238613	826887064	708075165	630746034
764239464	813953737	173479179	464821428	171948608
910334092	82010560	644487793	485208372	31365567
230519712	897625730	770319210	140417305	330917431
93334554	527524983	42106241	564332822	293748013
809180782	602473781	546351344	436143968	19606631
481175089	830479590	22237869	809867463	398420676
888831579	799023752	934118101	648411393	551128927
312133160	611806065	827619147	78896568	747374687
185116174	530650712	906160582	721017935	898989872
432832238	370250602	609921134	965845183	319662379
991130479	17560428	908888478	864605715	588132911
146833462	871655133	839590215	869703381	372603113
865368652	897603408	133059478	137133361	364402760
154829081	587131258	962013439	383558902	336145373
317600562	499520285	525612308	614485292	84407782
593161751	377769722	100871813	699509560	255857949
429254407	76484905	282292563	247391585	422286923
679219673	51974011	817514443	623081670	662608224
17607256	355158516	460974335	802038494	320459902
911495866	65166744	203735271	725756051	271151884
746416227	101260102	289051637	808769691	791814746
716724850	200785846	961219787	721343135	546505583
658302752	907369754	712824251	176535766	211305763
811840063	328325125	333010139	573083369	472164815
373519891	901262258	873297870	331433943	321514837
142371226	197509956	338924114	385287976	457605705
251706641	928747473	198120911	331884839	63336293
67301601	607970772	556360007	243834397	36989911
582942080	288014802	905774688	903755524	902890042
85110919	938536261	668541040	235531175	408233852
664761682	300426528	713500956	887571787	660446985
620116108	462648678	687609900	186989055	758807861
269261879	314427020	494233197	692419381	861670723
304610396	147933514	693931130	813742298	190815124
174470929	677184649	947972857	414232479	71787312
182506721	509429193	76611570	432405752	633136227
644682953	683648396	857771658	412599438	261627554
864256886	652406340	458499311	642089885	612680756
334402113	138650536	888727722	179814500	537160567
707363449	946573691	448018348	282709091	767589292
133206711	222485682	767451863	436296191	480610034
996008174	578854241	582664680	410190868	440207900
51505761	384703630	101997179	9517885	168630254
200722377	464198995	672441444	806200182	620522309
405839779	730948525	705158952	560244023	637535401
948521118	628762953	384071306	657652167	980303927
109550788	658812887	466200042	123730151	432915885
202970200	456798574	294775613	811678563	892052935
5558461	172846172	120863999	220658025	432961059
927710809	518122202	456189287	474924395	906938311
336095324	811847552	395462724	634048949	201585016
80311285	883787479	281291740	361752169	349313132
751181118	157213292	157278883	732545728	721638194
15767246	481710631	504693448	835943727	479866091
730651485	94298407	299177038	79015101	762611918
70526076	752615374	933879178	917593309	799669492
437789238	534128946	319105182	970271930	844178447
561385694	438652987	795824370	896060388	94123652
295826300	213444637	631920597	105578132	184496440
20969901	346831677	715972802	291234153	759699954
58750491	547505562	447711668	583242456	988446315
775341051	762250141	528873897	149444821	851037696
923864388	126451510	827989002	474399152	456873817
660483040	981932600	994612496	752166227	434009959
725032907	522520211	617588018	902045741	625427086
703294697	414181741	708505997	156185795	460280276
427237858	413597754	490398045	689375875	995805425
84062876	258451124	376500312	18360437	646718238
464557738	875254043	64998338	412404242	821110793
966278977	781721823	224787175	350644913	553614368
878253953	528392908	737776047	705122386	880547362
347854575	383244142	368975778	679999791	668163516
131891398	908602260	565722130	602162351	457810749
111523265	91209548	103563258	294862130	959538870
93381617	325477518	549820813	86622640	967634362
788199529	317315516	298910759	640635400	795003698
76692507	710037157	209839817	472299972	227531422
742217159	59923344	253500522	68765787	328537487
978883079	154484649	340472782	688752443	238976830
966184013	524939511	970116090	783194546	428169867
493527296	599835722	639573752	365812114	203678659
328567455	738067232	106425820	127974186	27396403
622085235	99724649	889322628	88194241	667754037
476913536	905215755	919270664	537645202	376126546
904855415	94793440	564706462	753018678	978300029
364190495	523189344	248215785	827375955	328551099
472017779	92536634	442643917	998211750	468397471
247171569	437123977	685858286	323154158	328286759
876863617	516066270	779899157	852949571	301640934
927417055	748675596	175407483	986809756	885100888
980827967	920809335	997598920	393023592	160812682
756975920	108568223	981803897	580269196	711634934
72977142	4736552	40039036	43660511	823676261
435203939	60971474	652930977	6088849	570639588
409799445	909200140	780259257	189636520	644885225
220955273	317951576	422817218	353360290	706225995
168199631	574220308	288980070	586263110	846427842
656623103	995515192	432390440	930854891	621951014
508933834	729675066	163377078	552247185	801388125
86007815	546010633	985603004	786399308	632933389
347102280	980718045	331367342	563767199	98609250
9044050	71053480	509684712	774107319	480935653
354203293	385424946	936789761	302847973	67225321
873878490	204338327	160748343	519598728	970202137
577961286	677986750	837591204	276243408	60465309
373684320	96135548	755376586	946439988	591418690
322091117	533120525	684250584	920202387	435842805
245127483	684316368	141300765	917030545	627766117
320836124	642342843	103139734	504653646	674812777
774473856	34966435	449623561	353074513	56241786
111407667	276266352	590884924	203760708	694839164
280884381	363411838	312705700	248272837	514597971
336933302	82332322	563066498	584469193	625642984
700503619	381543569	52110718	924361162	622997729
328478986	154341564	853654735	640842337	563460518
618258754	95091004	821288817	595344586	785860457
907496050	139491356	132630296	812854466	383219121
661213522	342073049	165924753	803240473	474253492
868760172	533580496	677419059	967189552	963195722
414865188	572942444	177087981	432951088	882377524
736639658	223032143	77566576	176154141	541495910
711813395	565532764	651108593	506808141	617930603
565250280	706005778	37429383	988733020	45970998
66248716	505864187	25575470	144687363	272937679
470581705	509658007	499651919	44321130	870097217
246815733	543111445	530932351	864634701	787879050
820697262	845073097	173170099	51838569	670159316
229968845	945475657	860506758	828489352	480529089
969716668	586072198	8801739	615569675	616229618
213088497	723201116	130210752	23559765	22027415
186438698	504064007	886342236	544062376	25201327
129158784	841453754	57115471	139144063	923371983
520287419	574029131	726022268	721208538	414394861
367672778	984350299	544090947	96125487	441553142
920034830	372773258	325212333	398451824	267808369
883867742	759444468	368441407	649135034	354028032
448135357	467195556	862754371	841548842	272980459
226839357	514827989	996598208	404603528	663427374
400325305	911355993	555214907	834037420	364245310
474749264	724275230	811150872	163308313	646382968
510472797	943673305	863404093	865935921	399475914
873535716	105479626	154652461	872633150	793334640
791383011	142027642	89667038	77587902	532066356
437159005	902043466	516555119	904815169	156651417
889590827	516211472	544518050	150560548	225206447
169436228	272063246	785855213	957275834	527299863
704321193	109302100	483002098	77968383	700944951
219992076	256682514	985368838	202294859	325825941
61382909	709924390	760007626	821879256	593959092
137037419	649029331	382902858	840310792	912440027
273041467	559743116	481217874	919740994	827231961
790595061	544585842	187841618	836203303	4585546
140126076	868290407	142787674	269403371	186700470
295867242	445472322	994539306	227223655	323052599
196071855	307416056	705229064	180044529	616377654
162899131	185775213	782414446	759695522	891535917
182876775	746217041	382391936	976719195	461784372
16379500	802850872	998621989	377321400	14657655
315666178	822267901	545284057	470316676	639147353
431466983	520100268	240530695	1955654	283887295
852769301	31820243	237682949	553296888	798291377
227576524	275996388	505577269	303463277	189795261
962666925	80243481	753199706	164415943	317302552
442942797	303803249	220698016	339232072	724975757
890970158	769340919	281987089	493356661	664483576
449168742	71065837	2412977	662588578	909600694
174632501	236333221	958374675	478003982	399241804
683477574	181249517	540230880	674624337	393493125
368156233	17269667	949416549	507558443	965006866
717493607	502076205	403301963	217457197	960999468
408005751	914987598	469632472	620705779	861237523
438831968	602234578	878672341	591147609	558883661
934914707	261678606	310827961	786319958	99467902
797558648	490170707	167541567	398961627	449271175
420766172	144967851	58992738	806224814	176778952
521023981	566942270	806486961	368949525	429225571
507897470	207349683	866110443	511903584	121609570
646423044	759532158	733492245	285422531	317980192
63669638	696652408	922057645	814839975	356824831
638903382	135872594	834629264	150463777	224284627
48008939	376312926	713021319	596144263	239269117
573670394	161147608	327767592	855732069	675794133
416433305	93861690	334733050	798298917	770769197
740065038	427950473	321007952	227994779	663096241
777860914	259836578	811806595	793328996	166102131
405770179	205105673	414257677	882156718	481329819
525729836	546548889	233701120	621359533	136978947
302479020	565094233	608560042	910687830	75379572
425743419	358847035	410405890	154391702	462837851
368519858	720386316	638120003	822963453	911215254
557455996	964063124	832592755	943195556	871115596
270596018	497965216	217205832	941321573	176823095
256045295	945686129	267769023	181804495	894322714
889821255	889437788	330817562	112825158	647665989
412763097	651933901	289865787	388506565	760207630
890409006	954040943	869953241	347303218	575544835
415922733	681559223	450800568	553313232	59298791
441610469	957168773	235631991	420626889	604688776
194840432	374567280	174396679	905220477	714141209
395663865	788604748	506035958	64389402	942488332
10782511	720371979	76320095	719639053	610246397
734478265	135088586	259523797	373077358	491369233
492802772	558548250	688872907	324655497	539973772
478878439	584895651	475137880	62492076	183134826
694049053	948457797	685280215	329670904	342148491
319039856	874821405	738946169	247469510	668688354
484686460	876183907	314912342	377017313	605800807
344533383	507615117	206996882	857436398	938260682
256478014	242208724	139961490	573833100	152090170
280148864	788249140	755504238	248739182	60363121
410043112	311080062	139509438	956630154	911132033
799631473	711543324	815363899	763212625	114058311
585262304	739015131	964305224	478140356	205279271
699899400	105782381	704974698	843092524	557713921
555092518	387590952	368273225	91829009	357649152
23459201	509886041	214214791	959388999	623310547
78836172	222512255	728497930	363614777	489629750
20139520	582485957	7245344	187792815	966395969
972989600	945298754	811933841	832219394	960557516
160017751	223904471	715572239	263770175	485259448
822221256	706773331	426395946	74929697	117035872
270939884	503286403	399113452	324893535	773312110
776900492	511036926	132395617	170926849	966231576
885504499	402769004	488857931	364723364	594550625
173656527	273248143	962108493	12208351	781691809
740391037	340631986	519231804	395712576	713150725
402943726	31829216	781882650	139684405	292596570
101863151	213821485	582525062	601301496	485049152
499377263	969598782	911760222	611370856	732703327
48635047	989125411	74964951	338706617	511000363
319665547	452221285	104655403	449278128	136672193
759301432	378118495	484417656	613711016	364739280
730749864	125972130	727484429	60993840	543092919
240379416	45020260	152844100	524680913	636648464
794974204	937472232	253026215	440205866	268274161
457604652	584603974	675673556	433160042	740340489
945184117	467879595	243879012	258338779	917759375
971299387	597097723	362535117	926683205	579648335
465607786	62153633	941949434	707118281	267094739
227212605	9675640	283899472	583407597	590618310
892202308	986097354	919053115	96188634	860717942
694796362	10503367	589372138	558832124	661257083
524757938	459114017	361691457	110547356	448654174
675701898	302007146	13511871	822861054	741929070
758624496	91607939	994994164	836033272	637687397
986912763	790262418	694389659	398253903	343315032
340094672	8339012	205536538	41906968	340995649
49281017	843562732	20063950	319078805	2126372
480973886	364413170	589848326	889557009	620588259
870228899	686474196	205105277	689743289	221772398
605971247	387789109	616157364	223696900	527238004
554583744	834785733	346624011	418013004	216730932
952665764	428951002	834416297	962089339	348446364
820566393	948963404	943561015	24235276	90108078
350378793	854282914	826089783	288796222	741848287
955175130	108272883	180190421	378425418	93745404
4820063	65221803	638086946	959036239	289865825
73415906	564717020	261569752	268582376	195745099
924399957	443407650	251381379	414865169	339640810
320329355	678577407	699927957	560682286	831216485
770082494	667926219	153053779	289320148	54120528
869884516	136115062	82271136	626353943	591415926
897916272	165682603	532290904	490914600	731271645
463067379	153501001	896268601	592775661	636765333
198427131	729987358	562338090	974592182	686292293
506024851	946243316	865568464	68188250	279177235
728255484	148162821	400330533	103336096	237577281
310068659	454299946	186136851	948215129	396726313
570449016	748707086	32479736	690189797	737151183
33957898	957968881	627240702	256281778	833848223
910403356	514366590	52811722	929332252	849520735
794428279	854542575	543232845	372454383	330741718
637068836	45297537	267757571	635947469	573436252
454816087	296003342	32982414	505329348	399812767
512424579	537439897	429321034	232148177	356451688
670783045	973913732	61954273	865749215	663614247
759860692	826901586	472248087	348044314	902419252
517841284	471638023	422168423	837483624	565883493
198775692	122709922	287553417	136043407	841734231
267968848	423067488	661083793	570312252	46814913
83058454	786684873	137024703	952265608	43425330
664651475	95065760	208882271	170245613	67558096
6552526	42612392	141472841	573600359	615542648
102314989	318887705	848238149	107983052	599850965
884003167	953987099	134625438	806983307	83253196
815910817	9634499	705388703	95424431	475449563
380324554	633100481	347657153	235897756	542274979
640134732	147739270	490567123	754807165	860347372
469254666	111632352	237195140	865220295	599005580
187938357	274383559	745004117	193163960	682823496
427315851	329101392	204686967	694946456	987381288
843949645	834753868	873787108	244641531	398906942
661723458	365594868	110540892	602102888	365895070
793260799	981850580	501300103	882351541	370810456
665958164	561488844	745521831	376400883	665176592
269686000	976853407	737753442	854466991	698900548
622907409	195166962	222317941	711293987	896184490
834590400	776953040	617979672	690103455	629274549
985665611	275327533	463201944	283444885	478985365
357223722	468404886	305838012	551873743	224733358
935558017	397910466	405260715	340177879	229634511
883161634	461115390	715607474	617426415	552040778
30755761	66735562	36925060	163668928	349984437
2610145	614246777	356977326	86000551	711424793
178745864	71415963	712603521	905857883	813127853
60514716	273383638	504311151	919702548	384379730
619082153	707135636	544010049	318553276	590144182
40768897	478256730	232958731	139396886	250049921
994937431	73171229	485861077	696241730	438650797
681845577	830141452	515377581	154647013	617813994
56991143	391625128	340759617	877138905	457696022
750901858	519149632	505245144	828992800	709034409
623160856	333858104	408077331	179210118	555322838
844282767	47815397	304384256	804134682	290538039
926037349	92004141	154500908	390199339	952992760
517459756	812488428	639353340	916790264	109798537
674161034	607961926	631855311	708151039	608160942
149208020	318452504	483809186	532468488	24482579
676819456	53351785	942581790	992190717	245845863
82664657	857025725	552753536	147387797	501834537
937913646	163989100	877331907	17888191	271025135
98195608	310141789	778087211	858395021	799523251
858876315	83275491	459400364	473070333	892948522
56161077	854886599	626988646	835097357	885411103
140465006	71329500	971868895	752842863	47626840
735698011	643819311	393246032	951450639	689585940
268084794	356695424	205353857	6187457	615422708
318803708	704520653	58364581	795086486	122753633
314045732	893620990	533163689	788007158	114270002
849499773	635304412	625754975	814331482	265932186
280866536	245938293	299329658	599177511	91507515
373787308	248058870	508305553	497851060	126486262
185206116	709454600	652280661	814784363	991213215
485565600	871052165	604980640	298108399	760778319
690519790	84913663	490480693	924339698	188162901
540749050	130185191	337028250	798517548	621095495
201629766	83026173	758055439	129690439	332604303
382758327	964733799	961654211	519411614	910954905
478130962	17191094	112449782	406155442	637148653
793258798	740237353	241762660	463622898	328936179
440396544	847040823	889186230	783152852	682927333
481133672	435462762	370317775	268489269	5985003
172095192	664456213	969429389	816616365	58789261
271043829	955569284	986516676	173483302	809790137
195754343	540875454	57521626	399994438	241732488
786971668	592518906	495689834	495057356	224271628
62525631	733921748	938945876	484313063	783203895
301597132	833811700	826959281	5954580	616821327
348492164	527896839	481794504	864372444	650927230
620726177	772144098	638425688	464274622	498202192
303851792	333554774	924803190	491226452	882133500
313311618	16524394	148249451	981306441	696785621
888675985	73985380	98505727	160748426	366202212
317824222	539490685	587861813	932136955	592444617
297314777	931630808	977420746	325474398	622970201
318358350	435458713	525405604	800559079	506639844
319606713	736730522	592976794	144167178	84802992
689579443	620277778	227186401	36196024	831308028
479650664	946140973	4024593	909459240	334398409
950200847	495623362	702349045	739070348	984928776
221209057	406495936	75358367	80909190	158103440
72980962	179498899	861721423	852219723	226194428
643286494	368787616	789085098	971312430	704793551
585018790	680488239	914349358	24860396	974680753
67647121	534839401	126686322	383646246	459495193
305117311	354436404	973592122	720775232	560040909
729569258	265371072	141561191	480858809	119183149
154243955	337891217	29093072	247316629	668113659
13339256	953644657	193270343	703920644	193220347
762321272	769235039	140992682	135064210	121063581
532777175	480032067	235013683	347148409	318024838
145047376	676718165	678526914	448447130	308604125
208944119	101898411	793830237	484231074	167636191
625556424	797342264	116774388	578905838	487507522
824201281	208202968	803034021	870377301	218473506
587740179	18533443	270657761	187259140	672055994
629332123	146224123	114144479	877457520	584752352
761996200	188503314	854274374	67980939	123653144
765641516	758477180	654057368	793394999	533053610
628629220	203996817	604830877	251949767	173313891
631432805	380804550	501609904	354021041	987498589
750584455	880051814	53576426	326569382	86546039
800578649	939478253	463241058	171838203	174188952
338975209	917939599	592435022	581342599	432546475
200587661	727018451	324630371	60441227	955500784
463317015	284975363	482860280	431913540	437107343
845356309	185729776	83719967	576790310	152207397
300917967	676640098	496643345	349837252	925518718
530132033	638143422	397161736	477770952	982614229
514942584	248050071	110059551	605016293	88468167
622348362	365460249	723523685	953509835	968808319
39412422	527987373	138373133	326767675	336119719
893575725	716451603	812750211	471417441	928793161
977636933	654845323	22312644	734519876	174583825
642366024	805032657	177542608	434047216	39782809
174084616	75126438	479704276	643264869	50352683
465030899	129630168	808733892	234207401	952988503
953660167	665072378	710286155	266346031	293498611
400801953	10140327	538620614	630230676	304873539
329311355	593582062	669728886	395076619	775430501
413033385	408090548	361656535	878793619	666603361
200514032	320376015	847370322	253097566	878194683
954909228	573380159	111250005	710886596	209776457
786877076	599730351	481350595	627124829	67812276
30056408	159079638	710551447	644234743	246877692
529958079	229496842	169084092	838383152	325125467
892381895	684850392	324304571	326691622	729742352
491688181	940436414	727953165	485861592	282976596
951518577	33915520	786068655	687576786	817867023
394210277	473758068	751982778	571309942	758283168
654317791	552556776	832725537	932526377	91512616
256229396	313436426	188141567	582361292	358585718
698451248	645379817	223716449	306802512	226649379
437832331	77381765	762777782	92434315	447133428
691468525	419978779	58804242	351275733	590283553
399820493	864348996	12969667	468653492	91407608
468247937	996302204	104649963	621022448	461984428
241460469	44706692	182204020	269523554	505278275
921846370	292126611	988642400	84736389	811031268
73797422	683939714	505771107	858286615	677945171
167877861	899846307	17641942	494368500	109444167
669896036	653906647	771211380	931384753	304007985
580094921	319882429	902285050	967058838	739396906
785072849	945794519	764817532	542475056	191160769
961502525	652812183	610840220	280429166	901174496
345028334	385288756	501601759	385480683	161948775
909496654	266968153	534539050	815865322	583113922
381439491	904365380	173886763	576293276	833301385
476938205	560021034	43200573	655684080	471089513
86012150	177038207	840878508	622408733	937007053
909003618	855801979	741125221	861959207	584040435
26504643	23910831	725547559	447445994	898497451
421236853	797032666	916639113	374844246	112593016
41608092	167026884	572858226	910053330	302681447
562812942	315758059	664158959	868993350	98365599
105042715	564380178	13045411	925981807	396280577
83705383	440840292	953648214	708140307	208737916
921520506	718442620	526462302	337899041	519819695
452046591	405357464	560733256	21502632	88928310
664159630	488843989	178464903	75405235	201011855
608550467	977549932	908623723	115912096	599842370
232068946	146372557	888687789	798927108	331593964
707109896	15328029	567077933	293985511	122823845
896972711	241902890	605593025	842869241	30884075
3613105	806724788	599732513	576915752	582173863
254987513	631425180	58820039	482937874	251780745
752080419	513662948	543605847	147801669	332920504
223028114	265910579	914121472	752765058	781215535
313067302	454479791	325715795	997922487	276015892
559298186	259021333	751587751	293053926	979283582
412884670	210132496	375930201	883930573	334139967
59487361	36373799	447785655	375534298	961113372
43164443	776478915	383946286	247712092	679774779
508752293	739841873	853744740	964862089	878562382
146003619	427053598	143750140	325048868	696416982
417550750	156048646	439983788	273946147	738192954
881521560	241258767	592961758	755909490	633388074
815820244	782943591	792826604	859127886	982007202
987245147	120437855	203779305	213126912	522064244
967828906	975613420	359400775	584915935	636951339
713243870	268018894	420812555	861559436	845247510
983420183	129241921	660087088	510305196	167814648
434592488	640947040	526625974	301196524	234196096
218823726	370071087	196767484	24930353	127117388
382751760	181862307	852059795	333017987	95684767
611519948	434378883	304355866	732106619	229707352
734901725	354608612	601040273	852808727	441694719
56250286	175944138	71189609	673939191	355705588
37955557	9642959	405331003	288480620	409722397
77601699	187461392	551837782	635803425	617449425
483845662	599330681	340440171	680162292	118829535
908715988	730791620	73645421	947598538	411151817
355229124	432933968	70117087	415533537	194182757
779333314	495115206	615697119	63622772	814981706
674998956	156228583	834482711	363245541	561901231
656085016	343299222	459685573	566569977	855604245
890051903	639211083	630503793	223529632	707976442
207528323	961928869	276232409	615240253	418811845
872988915	703177872	710871914	767082706	331225735
180578477	325280382	4624745	912176379	590006963
722807053	65952733	924523326	483658662	469822835
231572240	704812289	988136567	916601810	228478284
687205176	453661594	340358387	411875499	515300370
882286322	278468414	44588635	879614313	138314951
263827679	928802328	272826259	883774627	770333617
272388266	786415504	36655732	787281556	115397406
489831974	659939754	597251640	606881131	467635591
187096983	749581434	675902419	345683726	496392314
580004652	802299984	119149147	238658194	984868325
997447926	715886542	247722448	743861670	353711226
428666377	252530231	403150811	58236490	369364322
643989226	386653317	247206550	507125444	618882535
774536274	757434676	315170687	668506606	429215849
299082785	392964594	374176589	450189056	361627260
477802526	646645215	854704115	723793687	406341624
794795185	141909950	984139276	964738056	373726419
420259857	705752581	740535757	295941437	743371051
688807238	72485818	452573582	708690793	11388918
513949411	436396286	187325153	605623438	716126433
386967486	267651106	564123153	67272343	186649518
278513876	94270545	117171670	85429491	177346668
803426100	455408860	186701493	712778230	702435466
504492164	867022035	629887997	499685262	125963978
95882818	733699919	442021393	651818304	904904503
300320786	895976147	369670507	561420624	405173078
674505697	282334676	693380641	1317175	100904969
684109175	2157610	410283521	90983153	680070310
172590162	77645546	484768472	648675079	778072725
962042656	330478413	14204019	189345953	169515160
869725213	687899940	467020830	820838562	301731249
204078179	44083900	310973552	350255983	279451555
255870894	339020644	958129557	940096044	762498687
577020238	906355117	711900776	36935425	371659866
342008351	558525131	405242612	212142721	576519763
374495293	277383884	931356947	531158459	889795977
367744898	655995803	911207015	958431572	991459552
590618568	623243124	751893985	704787733	645195066
437799317	607947210	781625402	928567936	480328831
162404484	593294330	200151112	664220560	270408844
853148210	231520363	794864453	20161198	235242052
337669201	17073671	614433815	854820758	982475862
221107038	571959897	439003999	946441449	473764359
903237878	286049534	349179518	165903632	892093169
926302284	906134839	978403499	541183109	824863384
182988898	175236067	961623278	532815416	871464911
304695293	566634374	347238715	946376670	138505426
992724587	434049527	354983329	994619100	242998377
388443818	156991171	725094351	400760736	189522315
220698684	250290664	10457051	786202249	554639303
939310296	213805021	269478517	940526167	122601369
927396084	532468216	735693571	339085156	797531736
89472063	803164960	12601393	667454834	998730528
224586088	626750543	306780947	565520502	855458758
188873289	753878803	179780713	482268538	996981911
626541310	510003407	525959188	195368805	57478532
326620456	565603055	589665357	408093575	405103595
649576260	84521012	950545775	81159790	835600879
707621509	848276391	978821478	226963874	193134589
451576057	565616733	48020703	395057247	569449431
753481714	208800955	608057346	730876582	204728491
708456035	552097641	760699296	427502156	934523000
499308202	174573237	735389455	232926007	418957961
503583043	521641793	568152698	841276690	291180611
562847425	533048303	233998208	601282564	915700278
591631107	685188811	91850368	411079717	320821825
118810141	75807917	818634638	942306408	30870472
230051140	159401654	869329260	361389059	47851771
956058178	494166159	893662502	469376844	598575659
459528937	192828160	808163448	510559031	924883183
481466283	569030339	992384032	281613225	944009118
853274446	461226053	886888777	91547449	761238134
70161160	937642925	49592428	172841643	656260788
137551864	593103263	123957786	454215808	381893790
243328234	905471492	956599930	472553481	114720050
352649503	390798969	577530173	19746771	25013543
62892453	503319390	473406799	812595517	166222375
894828777	807459063	898822334	142814383	31132370
458015915	547940077	13716897	487682281	838369820
468881489	467987226	501896268	84993294	840680688
707810624	776456654	737754203	802886154	985067698
870413721	506213957	923871264	842011383	203170211
130677413	562876047	393989821	510709285	255449957
203660592	808341174	121537479	547735509	48542747
630737745	639810181	222919752	600929699	853885464
426103733	148139835	807626411	746588740	400768969
168512141	685145913	217902341	298206677	520375826
362884093	723544535	720400309	737214520	358099351
257850910	704665848	585709067	326894800	761407074
448530560	660153160	115804365	722666932	569886972
591367749	601769666	341195871	728465906	371986074
478850914	336076652	644138723	163242515	250360307
656323743	576298844	782149356	55518105	326130931
825145620	506305267	360450167	850137036	102476132
161364345	345775614	829241741	626171150	294552973
388703461	4285715	916071555	310479276	883549022
868225250	609128901	861241677	661062914	698996923
658411013	302458516	703673048	570780481	271170336
553029890	648916190	466629898	786990210	328548973
708738953	640585103	587760962	60896031	627140541
570054503	391106692	144790743	822970189	205155020
412537600	338842345	833916632	15234492	498973134
591266065	775099478	300689976	128624130	440765155
335321077	185052112	863538289	31510886	662004841
776533225	815932555	637392769	59248347	209469248
674748022	432057653	857213469	961591033	269301559
413705439	535444393	527093742	423163805	406451296
561648336	160900635	26747312	51563489	228391231
499398506	195696155	863103206	608634554	532824041
111407692	669164499	38080486	690908338	836856096
96894765	631393478	818103887	801686830	211595123
657921078	468959466	885267213	409967535	699591365
868230433	857211378	609668733	772205908	112861478
439152857	241575036	529748149	703808113	249829877
229930710	789988512	607561878	163229020	448137544
938364726	390885380	832789373	11964162	693656135
85748617	427615345	952466174	755529375	545712779
939996617	557364966	437436954	785225741	663997657
525530848	716475367	389547857	429619938	756993279
75502107	234982917	86259496	609797411	91398930
366863990	475322152	244684204	138916665	603786895
367542048	582037961	383344273	74166986	722406247
714972894	42341248	2311538	557059065	390380942
606277351	295276541	933883609	875161062	388997775
754276313	585261412	148930239	589368253	315436407
803319673	211996774	686411552	791966417	783960584
701485785	558791416	753537018	66475173	557129576
676879451	58815589	62359141	565084722	750642448
726939575	326245381	23078805	342427589	981885996
876050062	760006899	899728241	788484637	719465745
586314676	693068209	387713413	647065233	658901596
732630770	359324868	966964180	959153866	181957148
622542494	618873898	940500356	738962905	410281319
921190929	532011386	508866880	77783473	362406743
681920564	900751566	685822859	343743341	476027057
388548424	861263025	811337595	723501170	209450530
900959516	250406828	647873173	660409626	161672050
886893862	46341849	666285794	140237930	259921828
818348906	259049028	369233665	983850212	369515457
190760357	367925618	498356330	935149506	250193822
121035117	407633785	801856479	163016052	440433776
972561552	345026599	337953296	753873932	749170988
138384284	841267865	545501803	369370837	147915512
432362000	218660153	339768675	127965278	909781246
623926951	714099126	590819465	427697600	103120858
310548871	570954812	75752657	536538851	517849576
298194095	908347247	588639118	174211972	881066365
199851298	844707734	778906105	586082813	747261778
252043038	920573738	801435306	875543459	283656133
428392913	757849103	235189565	904916214	621938787
111546710	878386294	241544611	404781311	114033187
687221353	344637607	213694254	660118994	411687914
569981674	373168258	145263406	845492929	499479186
319387712	59117799	569202781	129434971	313184453
715580189	751426035	286769755	21808595	101972189
105063124	457270438	16209774	822744921	249022600
394712400	199997068	211991385	187958072	89895929
593662469	777185029	754341689	186602321	262458304
808863152	388774183	896758792	925948452	737137085
794041332	162330473	766801674	73629241	424981763
366260210	382906743	914977480	234859640	436407262
488765326	808837857	469454468	997954309	195952334
557824549	673106765	690327265	600806888	74572419
60971096	414756896	939759231	153604276	993304798
104042998	546732517	84656387	450884218	198683151
699086801	820939845	809281237	604534573	322325416
425608160	794940932	996497904	914567983	483101277
602586143	231439226	537747900	499852507	45237607
96563733	131891115	69237330	77492373	952827020
893633983	774672658	80626838	220818019	105112532
215587355	868097189	476088101	418651603	95158359
940640814	739701497	41424461	437925278	189813577
2373521	476220036	12048213	937416847	200966855
475682968	34558346	397635067	477372792	681526446
81150916	193694962	181185949	710205602	997471349
722859273	587581657	625487678	97459987	837656620
403262931	806426794	539998493	552812576	770869948
498477651	288039493	459538910	920383994	189069340
88049320	555358716	608261120	999173032	31297119
968400158	278944752	957283971	994530518	94183730
258948662	694660275	73939298	875272939	412393310
522614307	324532152	313661734	342947173	876065079
59042183	490331147	955801420	801135266	624006701
410529040	560160669	381460029	545391760	606441416
300390105	472817051	17599704	98011687	923841584
853180965	831537147	954374568	886634956	149826931
348648192	168087158	708601797	543788137	799827840
865672781	648715590	492027963	573489588	797773584
435791343	75186851	371871246	152727949	12941306
886533028	817861209	911909869	211309508	887125592
580879663	912218872	297442904	802983488	155046570
79692074	762486251	329114621	185496772	902803506
162353190	687058938	494366543	715292025	820865364
886233573	640149028	273127819	66457696	980793814
643341945	201560067	355476839	868162427	344243705
735663198	850101505	617999132	244316066	268087925
23339143	585721537	303626736	515732395	787455243
261871036	927891833	883030073	145772162	550635133
372677666	897706661	907592252	210876374	956302892
326708303	709407746	447172183	950139477	374393038
320547579	622568837	482705188	327351287	403731825
443430876	9988832	572534169	926994781	911389220
354088516	703322637	251142299	640625229	889025611
192578228	877184916	41652679	999396770	963706453
579650957	42875729	514110864	865545005	556379308
963790051	730787720	896048652	916408252	794318606
535880748	314440571	484568657	863150466	489975798
668005935	850855418	604809656	237262822	520516592
321082159	785549982	169372896	292892385	669696263
307765815	447861995	509106799	599532533	825558212
756794923	792978920	302904980	413974687	836696533
570834794	478134491	579748623	140961383	162987223
248542558	726648319	395900492	20934885	593342316
793199217	526332374	336220404	878804027	392335194
881145287	985924994	471463407	657463860	832992649
598440914	956246522	420207836	866536652	37721743
749503727	18221802	249220634	898072989	514648029
889948648	818953282	490826155	508093492	268684143
766087364	286738401	504405683	165312383	662613672
277359941	826816168	500222692	474089175	440427401
386089752	860548555	399793370	43898846	217811348
178361515	79092417	595535109	349317807	22289659
799171922	906013267	708352355	164453035	660378540
164333069	477747882	674944598	958052737	159044107
545455982	911885945	341120928	588944407	175335131
637461385	634347792	954103234	258519460	858423516
647713696	945067750	492980854	115901057	932045233
299459814	828228737	198336649	268425029	913478264
597425247	20913645	385038322	140528289	281250889
259989996	782466924	85390909	605892363	612106131
413361611	253060110	903418072	308129140	291333053
795680125	101720733	903746252	233991326	770460134
317001321	533990190	622160397	474140898	956549107
915546441	826685186	925621221	741176594	118579410
747654879	551301524	343818662	825014949	753065994
43471352	460859545	962349567	899149975	894445218
290730101	232977466	555072583	635593496	30958925
221676974	514835026	357306187	796677688	41487693
182325885	95170227	954181065	673894644	786182020
402412630	599583405	249473800	26242356	708748455
576734832	301246594	73032313	462986600	597706821
677023796	199139653	218882393	181114861	106284051
522281973	794013974	817549548	194250936	671818674
295841602	120785869	397011749	495505553	223248312
10152150	605038942	507244759	296866771	590445787
415188827	11162757	765989287	120594824	24433216
300068216	656156400	449182689	398847904	280210681
512434543	528378644	858913737	982010891	305640153
649485194	863927409	470083875	143269210	523131405
865940803	123944763	686326932	797445778	610238438
647529543	582749664	343028975	140032743	930830661
33629451	426543406	690991775	338395722	943402454
323496384	425157424	606480396	735064112	62625348
985433075	714429795	826756999	3783650	185199878
430121143	991126360	458645457	340416859	236003498
971973412	863785041	295652437	304828676	544786682
260341850	286892810	915416394	262775669	594064607
272830777	297738037	499478320	816069073	540366999
978784234	270668153	515116688	393733819	701794779
857942672	41937479	690086781	81048794	984706603
6024873	497220858	131095388	800359877	583203977
634978192	516726781	835480120	772729582	410079163
269302156	638760122	170186004	898251187	448593949
953487416	940573340	98866653	652221432	783952178
781131553	277619468	557932748	51360743	432481359
805402174	25246588	723190555	508298784	215485595
611516111	63845740	287677668	149457692	958923963
239111639	680769360	386861696	152730306	597333692
580159343	436419703	285888964	770834706	507279207
801017931	333072550	57148029	607935094	274546740
142439508	405292585	466603556	187446401	710925209
681163567	861809459	155702159	532431293	386121609
297831596	994996710	863154337	199141461	580364880
699343382	455944249	442667390	375521600	846801112
124986047	149731342	875566995	748487986	323162994
12359972	607276935	317023135	864523114	350904634
861143534	7038543	134607016	60095201	463143860
802715343	592815595	191952572	145609262	183107580
246820015	749602749	41504206	205395589	906859236
830283925	850416702	977727347	310963130	220257278
582080705	482178116	468643910	669269962	230114020
294507936	723402682	772750360	19456888	344198397
578743372	526126871	542708328	542629422	905345635
792300700	793335321	810482011	739005372	96635234
875499999	210937119	104433174	949742469	975268166
24111687	884080488	314677451	459696060	72763724
922985243	234533257	942719578	555657307	685608563
785401735	893312638	718818842	463111479	740474745
845585703	72454577	659837895	884560082	204830237
446112760	927763182	691256479	941513309	205455917
252443143	398521363	438768142	82867361	276147499
622671739	876647933	777913098	529838532	787913302
742619722	743433474	915353970	864076563	451816652
329394006	406817276	573411956	643453368	596025098
161279516	468455592	824949524	263197229	387200134
414645731	684284517	31998749	500188272	787078005
409623133	444917902	964010857	306761126	161537589
694273707	112737042	904512825	566649452	142991153
488048881	815309939	327018439	839111425	914822011
819984706	787490071	698856616	549062327	193621282
599653218	865575813	27725580	973256557	394621476
771421225	931110582	655961672	377971020	222519024
928735392	601134301	238647721	705816978	590278816
127208747	119282911	614178111	711282106	745922054
95792750	772243579	139249327	78888875	29199664
743974837	949390087	371875230	536339026	470603344
712306893	643861980	358775592	306463808	601131531
928306540	204910356	94558942	478925664	669578289
109534728	710599681	765284245	635458342	213937503
923096498	178845740	92176962	752711538	644081023
664202191	936256522	828533373	762205738	665083087
714778874	374596344	631113047	766352337	854054890
285414816	735452663	349952224	233340341	94117778
449291302	26438473	790940320	292262082	305036541
963620219	833564340	240653811	674543392	592123588
512318538	714032872	28352641	521825919	779804865
843043703	981006207	493177433	335139724	297376899
614275496	940603254	620280270	916000183	533562906
663290124	910403925	348538702	35656429	934853850
720513451	752225152	660996031	251191804	877279341
630158277	770541586	852827864	62598252	906208030
815342149	777164071	106677283	25917130	103463109
170338032	699363788	516722263	114302577	240550992
443198836	809585904	10123853	753728542	290821778
901408741	454467545	471749494	230959337	290530183
113652488	778513619	437576036	955509347	956166744
626534558	612662484	296121889	537507453	309867601
627212041	126400560	595125206	603978728	526354106
17333887	303280437	199959889	432752860	182144058
897102456	679085481	421938119	623644374	692895236
104345682	392216118	676699983	425361700	139856085
700965247	506788241	600258210	402025656	753308482
350578180	938724854	374226224	182838311	218033280
986408779	620350737	515508931	493993975	540728891
769222990	148622874	617598510	654324608	34569904
658572151	145392355	702771836	464979287	602820227
985632019	623083761	364815942	844985460	417772003
654591657	465976905	535574350	209694064	494524506
102061953	752227062	993146022	655479771	357853487
364590586	531877115	711526611	824706876	553908644
459289640	387690048	506854716	591171193	238705432
140627203	699737432	459927428	743585932	373422130
23618405	249307132	309424290	840972739	503646827
84381050	921597322	948904604	274258783	748585361
716667697	825254227	357445532	850076160	963285068
695434131	790412282	452421204	965928621	465085929
593304873	451612134	826520992	829129291	487386595
984412182	844215281	662397045	50167180	83084818
612565439	463182993	380714200	458983928	114367111
227334335	709563682	16542088	40835153	991730196
663035005	347131542	728141329	711874789	281628524
714468326	786642726	477747233	181773067	928865744
992199377	832110746	553596307	452104952	936633373
791338053	893449377	777904058	572548396	244258098
317996368	651633930	997908856	982016570	925049866
37578160	446873078	120772667	659195807	338033663
293277005	979035328	913364613	203587524	670018457
31129269	163196187	527495009	262158477	90051008
975012434	328789621	283370850	695218787	337864073
201847095	862980446	316309897	98075637	871063080
109026910	499854348	629631082	316172154	14963159
717233449	717358722	618842031	967248564	789289667
224160102	675852942	28074478	374116519	609468278
153723971	523956179	916369469	695821852	514962964
647240751	927542080	994263026	115090987	640090126
779671495	553267835	702634410	361239418	661092455
382663749	723520070	716127702	478401833	449500707
530406041	482954756	591463096	797529172	643801412
337406267	608258521	228779467	775085164	465934464
900137085	934840109	99786317	510335274	596000207
681561621	806022651	805865271	769335610	760562683
159215448	776036014	934844080	236575866	237183039
121129886	660000630	711032129	896796438	715764268
268298285	739768064	385199334	559041139	7111834
387225490	309645001	59186748	451934638	67064884
77644672	938034558	127560829	504284888	596018188
666750644	879895204	312443778	516742361	2023230
816448346	841882248	339449439	686109524	798580828
207431393	765555409	955092450	664202226	261685226
103402636	714694750	942262485	306073577	135560854
993814986	814330752	418384470	698609857	298101261
855896036	632872668	568944752	345976943	273153038
563620361	727966055	664387205	279264388	81481509
280508622	196321505	87713822	221921313	697469994
305815540	419005517	734131853	204158818	44241125
82800294	622130091	664187552	183645385	725287189
373908507	638322355	836660693	635578993	556457763
836204294	211444708	35454742	229155111	862135926
806332798	505174343	692030820	454245436	777297403
901623024	418037623	13644168	712236827	613698538
530375403	749619716	856443346	236379987	676056361
669314217	466594813	299234897	328480208	289789379
864783223	600923724	411973235	131138509	646004723
501513781	190343413	345977541	767197351	759270082
340587619	969017081	315388703	743473055	317897304
103597940	515342649	534204286	428374992	42334124
977108313	871228342	47290413	163598943	134180039
70337175	651328140	592314761	970345592	586974401
591456827	488985913	867386886	905129412	944880101
302496498	153653625	508040171	620107462	606118859
652220695	246644745	298920849	980087849	270606522
973338747	100765564	742523768	560349364	334993615
703523414	868140966	650446582	673034565	326509405
213586236	5536225	207811758	62336651	35271968
157496301	402602051	953151079	214224289	37280342
609420978	995928064	798212885	73213403	719412869
797591899	350635443	427001969	160871770	204430463
58171197	622682059	2890849	676993957	791332281
14299404	178282706	696723566	478980526	669631828
418606767	177402785	570093048	76639266	981403133
946731328	489076031	106641333	668400525	446990939
101446529	605154699	653052421	612437473	197470610
459808967	405870599	645005972	91051573	582788351
510139511	491784352	101204412	856222150	14673309
808852760	740173092	889831497	722053099	525024984
60750190	22396170	10642289	346678892	724568142
703092599	18965372	199529236	348293217	697333742
346726175	224782384	716122088	716805734	378627228
506154898	347822995	348634262	403335685	866494993
114570443	564658421	369271401	391824807	624299004
565940140	944081709	468979312	249015990	4903525
503948491	897840851	652095814	932693703	404405361
591251117	735250413	983872536	183320320	244296146
280838757	724561362	881003213	727667513	858105000
415406772	326364790	183947674	797941750	500556091
390070107	105525924	648821277	83881053	549498878
944650131	726893870	109738703	463318864	869018076
148086471	350743669	570937980	199315116	500368189
928066063	809586071	14292495	312675041	397734994
376114611	453518945	32481307	993006124	684122080
437053915	63345704	698044247	523679745	934288096
137005310	146515317	204149282	827652990	111267490
298930129	984393226	619793728	917921885	855581994
597745034	642049779	286558085	103861484	903306863
24908775	16076582	13508715	672917825	660133734
275542014	227994110	999177186	62393077	627785796
953309715	216128285	303163879	430249491	904960611
350524233	171819919	49366567	817786627	340017107
742512081	983635977	200132750	332604818	563570473
960925945	410323449	947495941	797654584	640752880
746187465	652706422	681898736	70582740	270900025
911055513	166203490	730126629	774081787	207274787
676242018	971529786	773909937	962004334	803844566
468063324	931631633	888762513	967258883	595974788
624370762	234224625	734570923	109201971	504055874
565248007	757946491	212066832	373002965	484811630
524906253	963490055	822115921	891230380	694889517
616347452	489737910	647637798	25556829	217961589
324188715	42149038	495892760	978968538	538631772
984573928	962300738	436746449	483503153	159235152
724353664	447476140	52887881	333157211	670355165
303778377	539501377	94516698	483453885	495335477
103646640	131283839	702661085	505568437	707111685
611229224	82881147	420764353	312592159	892483911
882429739	307774175	597666953	811116132	905445668
287533451	872948739	587486328	610096846	497981951
405059884	166396704	419060857	225451024	730488549
430854492	117662872	288842653	536791795	398344170
857597099	683642945	652432300	998408766	258060424
28817420	841049091	923449360	736336379	41106991
16177357	933838842	189841698	694737654	411412267
375996797	338418171	935814141	436057889	251879758
720760018	42972716	54071177	688722853	97714951
324212343	237279201	346074527	121211884	290229371
182169681	224897434	835164795	394893358	943012462
505127389	834895897	519267401	913143737	723006058
41699956	619297715	852305039	560674043	28049989
356733957	643096592	900853606	447279778	989289142
878456719	41671548	822844545	799391395	951896279
297456121	417234950	716329884	647897609	261387043
734036156	481304108	126225129	666169861	316299219
506893518	734864286	812269792	977956486	823922434
545296502	284760017	988436017	866123918	565615508
595314252	635317918	517140741	872092140	965864265
286022243	312207078	750101483	123480166	250982946
305196673	629900158	575796245	325377720	779915832
10917636	791676176	240086093	647161676	86538527
938330777	888778793	550575651	462062306	763315774
987889941	358807006	82550326	873773289	177764222
884805275	345134088	141786039	362857482	789975500
830493312	174835223	145091746	539329896	685232346
614704692	22750900	575926807	679142448	344212403
860037690	125445511	799314989	9653379	3030035
342575251	352391368	718631283	322695227	363201110
45328054	58789815	239910155	610684098	716930724
529948987	104835538	225649208	947831125	403840420
443039302	919654259	290202188	50328501	385348205
687760702	385791379	483863993	595443315	119363132
421614570	123100112	299370066	59884697	371739896
774258349	839274117	898291009	963195040	769609019
735031251	497960110	254465126	206597446	772576475
809887970	170711459	782305794	686996457	794283987
703697014	681874968	602610984	828656752	476713944
875015711	523620948	567981121	283720916	940876662
539645111	818066992	143462770	525072006	105142075
403470496	114767152	534883419	910307954	294033561
861550766	671183030	436676376	605400848	623958487
967289515	313778944	633700181	172374487	570312768
283566625	896063708	767084312	243141754	790500935
912638730	325038731	759180702	352208415	908824405
875514794	122717214	719623046	485793488	979826095
257922176	925149222	641326478	982733921	495234470
578936918	494305608	791533003	566067857	624769318
739543631	203266091	806518258	975688606	113483630
506067588	10962930	511941363	443368690	901011403
737041614	292150457	340090919	589865566	590548756
217981903	636512418	820217251	422730397	206094960
953944287	420900794	50185349	773947754	614563012
520531837	951964063	605043765	526978557	299093357
598117924	46897337	696188091	267797689	84469525
481787824	644755018	897021961	437900161	164203609
147292261	245585619	698032355	436913799	445436808
860994787	793755588	111362450	317986383	243302301
17908509	899899726	747812900	519504787	244856988
493558527	342995110	986262829	934433830	411611051
205270871	564205558	555491055	887898441	373644037
524229167	605695781	363494418	823520636	988095253
137010657	917284644	881309864	609877954	98503475
962651860	881378328	275389369	723904962	213340514
581853906	377615130	388644898	95077587	235579172
6368703	415567498	29785883	642074593	486071283
970686490	552659984	550729826	378038651	74747214
586848751	834733756	761322971	622257176	913342173
952047425	729430610	463930697	718415559	718901011
571149428	637159175	929381887	187286936	878117557
987248499	697328068	531632829	252119510	192727782
276841855	795373518	221347687	398003904	924886812
680742602	341580990	820140830	61064733	213555022
440623441	235746295	582591769	108043050	156402412
958616696	439429633	416872816	548259076	626776612
737954349	81419052	113048919	975593791	448145834
318765747	386053018	814238891	994357757	386185818
847349752	176910846	938306189	418496104	5621725
21523045	968904135	735994257	806911660	798721064
25619365	192644946	573647983	742137188	524638920
740248793	782582318	348067661	805478996	899773042
793976621	56271986	476099148	934454007	734998448
961734781	883164069	770571323	261384679	263307138
868229226	684609830	788478155	73085809	906827348
321181044	334266064	970472930	348878917	448524313
744482865	455838424	86897135	397346380	444874565
336246751	846048027	561197059	540056836	376150913
598053963	328841102	522991863	675962063	581809404
477057627	615888324	214749479	169593514	645239632
246900582	54080065	375379480	768293443	201579590
587886953	262643965	899416398	255707262	449870639
519888698	594636886	330016644	925115626	964258977
18110624	496962399	666083023	58235991	425967945
831522263	819648660	951433583	808815447	922366904
385413438	51467444	177533201	363491202	857865977
833818051	602435695	655795511	188243419	581217107
583462950	721323910	407096471	478569860	186032155
250475362	683396949	790202215	75890979	430416361
326722886	943406016	421723109	886240013	558563762
195349813	383379193	678094545	741436229	203641783
627048821	760738425	936766768	808281684	714097635
518518606	220939233	433226258	572628959	629220554
796473130	405593610	327214483	189834297	136893776
474632635	349789434	96551053	93378768	69005320
521553777	952991280	740095360	403644442	101346753
684666907	914374397	658267528	830248798	645001557
438108359	561121438	52745108	949454381	510140474
849896469	11182533	307664842	216358424	138388128
158455411	269904850	634792898	508615377	646237475
947336382	669017115	17651978	575590191	974533572
471420666	807682772	405510554	362151898	353475496
855967975	820295270	653136590	438871203	797977726
436539490	964979073	252660573	388158287	331378526
254341775	674279700	249619991	62082111	846645056
96614188	846568036	235730379	655631145	897898318
548293910	241315750	410501037	650994317	813119673
444356984	130209935	499927172	592631762	988856640
26423812	258091042	309423064	938524728	587690534
570812259	429596449	847373903	402142650	900696567
502772704	517436455	847840501	694408134	236619332
717107941	504146199	681469086	503976901	158815534
773395459	921148152	534476097	80811504	15735240
909458955	517992056	409165157	813540044	912904732
214540417	678136941	304098774	553530970	106098062
679743416	924832026	786990301	712459246	696318387
980430103	828063332	280058930	404029606	9628505
567693846	136222787	577206343	784265165	756529289
500879006	147866906	648812218	222329633	70706944
699330858	916781170	783854912	677136018	659156299
258957068	263205393	136762948	2595744	900216776
429401865	356907480	413044220	614956933	172560373
775879236	652888384	456630735	349020852	945645348
676663660	196684766	699290531	628399186	326374972
112513689	122980989	887233505	475038128	554331732
104153570	314619025	294506741	146310714	521162440
379373737	463461514	346972172	815195172	628367856
177442249	264390518	80530688	424694795	401631469
140310959	75728767	773828934	581457395	341885625
864040078	298823453	631655009	272005540	645882469
122164142	532345805	343449421	562302139	945523816
259894247	273005784	297390625	34585198	330377435
798858942	626546939	769210744	578143588	941169614
73308220	73380044	103188916	95120767	561224530
449635984	982137690	217525704	421442782	87027724
170834323	36025686	676206518	738775947	62972158
98041434	837847990	911875450	106263666	181782786
544011384	782128830	941826411	829972322	987096922
824685748	348928592	14850443	123047560	725201430
473061729	951796648	866314951	564154928	688400039
287582086	176879864	533177236	267130558	82792551
263922375	466550828	833195224	594782639	911713035
597446370	516020026	411079658	967825540	773649532
215702286	799890048	507433707	430163592	646008162
553032671	416648588	897768053	873342300	434429063
881559242	194421241	27660985	430010891	860870111
971961749	580836770	418482563	693752992	310614227
249730038	217354691	47138287	203837689	181721326
840398144	853001977	465214828	985698381	976918334
539057597	671822586	501416829	816576196	447693396
978249118	767278807	11710360	656569413	821417411
574022975	201438907	251356585	489688180	349145132
384757815	645613370	760068844	43429191	943835401
407597166	941011645	395929494	574449690	979853026
960992480	593858349	780630454	716186154	503927615
690479827	896983937	11668815	731386749	621250915
897343269	239366843	317591225	892573583	807831447
570176686	675267817	6227395	910078821	687741449
777330669	965963426	490181332	684744154	648011939
6609118	574891452	201329997	102096967	422702688
70482403	769375734	441210907	613719824	230614171
943523478	452645112	233371430	854661114	903750233
151946237	898812870	677795650	91041921	314952088
636321484	999514774	227551355	788606929	361125776
263434099	544699474	13306250	349166824	735696291
918964834	318685354	714615693	270174746	575825213
851958651	109870707	663794499	621092069	242714622
176207658	437034982	15311700	484471600	116216961
669165720	73369616	966834521	593650807	568090249
372557241	87965438	209384607	442803149	862413804
907613384	197020334	407411399	201355407	120006838
146068908	342632770	631436613	233556997	403838186
545910696	346328775	425175652	751833059	259927818
629750874	898215013	494540862	580112655	695158420
853819388	975383855	624796917	581109196	413672241
302629620	734681865	402204848	84915974	373243284
179731958	941779061	878727944	120306664	403678135
842421655	704542398	994761779	590463566	564175970
338880268	196695537	362452259	992261781	867342180
154470825	200208778	998554364	74338863	687270810
328788752	216924224	834594354	756076050	588864262
136168056	87637043	412884318	439232920	907569388
253857211	833194158	436287327	4388814	300232830
552123441	268391084	398559731	61936898	941367843
888005057	921140664	58717215	247827986	916707927
553199118	642655953	451349169	163903085	909510330
83236304	463787555	311302713	131578452	894165496
102500000	961984029	273739391	834987059	806934757
857121839	182598478	965931643	940616693	987607477
219511840	218680722	367344355	23984024	127727844
502169708	296048059	577726058	291159001	639944737
642635708	609820472	230779882	353618275	717227847
486843024	659683976	964542009	607694365	331206164